193,142,325,141,326,192,194,193,Latin,Rom트
320,190,323,149,495,161,493,202,Latin,UPEERICE
231,189,269,189,269,202,231,202,Latin,Quality
268,201,269,188,311,190,310,204,Latin,Fabries.
309,192,337,192,337,203,309,203,Latin,Home
340,204,341,190,396,196,395,209,Latin,Furnisbings
410,195,432,195,432,208,410,208,Latin,Rugs
204,241,206,201,320,205,319,246,Latin,COINCOUT
433,208,433,198,474,198,474,208,Latin,Forless!
316,243,317,213,455,217,454,247,Latin,아명usiness!
215,297,241,297,241,305,215,305,Latin,ANCE
176,297,206,297,206,305,176,305,Latin,ENTR
