60,75,60,73,64,73,64,75,Latin,-
260,78,262,77,263,78,260,80,Latin,a
20,139,23,105,154,117,150,152,Latin,"Quality
157,143,158,115,285,118,284,146,Latin,Counts"
31,150,89,150,89,167,31,167,Latin,Walls
98,168,98,150,193,152,193,171,Latin,Columns
205,171,206,154,281,157,280,174,Latin,Beams
80,195,81,174,229,177,228,199,Latin,604-575-2563
37,215,37,197,246,201,245,218,Latin,info@structe
244,206,268,206,268,217,244,217,Latin,.Ca
20,233,20,213,289,222,288,242,Latin,vww.strurashote
83,222,87,222,87,223,83,223,Latin,SWARSERDI-B-stosp
