609,457,611,406,745,411,744,462,Latin,Söv
621,486,668,486,668,499,621,499,Latin,TEL:71
676,499,676,488,701,488,701,499,Latin,903
701,502,701,491,726,491,726,502,Latin,727
541,651,695,651,695,709,541,709,Latin,نخد
698,654,902,643,905,714,701,725,Latin,محامي
905,648,1040,648,1040,717,905,717,Latin,719
1038,666,1125,652,1135,715,1049,730,Latin,더্ن
1007,684,1035,684,1035,726,1007,726,Latin,g
470,790,478,732,611,751,602,809,Latin,عمدث
848,809,853,741,1009,752,1004,820,Latin,585
610,748,717,748,717,806,610,806,Latin,قتل
728,748,850,748,850,806,728,806,Latin,هلف
983,818,990,750,1104,763,1096,830,Latin,على
601,753,610,753,610,786,601,786,Latin,GREεCON
529,828,587,823,590,852,532,858,Latin,جداري
596,828,646,828,646,852,596,852,Latin,جودة
530,863,599,863,599,888,530,888,Latin,مدامية
241,1096,243,1064,386,1076,383,1108,Latin,bsivd.tn
620,1109,622,1075,733,1082,731,1116,Latin,لبلادنا
748,1117,748,1084,775,1084,775,1117,Latin,g
778,1084,921,1084,921,1126,778,1126,Latin,لأدالان
930,1090,1007,1090,1007,1126,930,1126,Latin,لينا
566,1244,698,1244,698,1299,566,1299,Latin,ODVT
