431,235,1587,231,1588,402,432,406,Latin,ATTENTION
303,580,307,482,483,490,478,588,Latin,Les
501,486,874,486,874,585,501,585,Latin,terrains
1112,582,1113,480,1687,488,1686,589,Latin,strictement
874,490,1119,490,1119,581,874,581,Latin,sont
329,713,329,614,764,614,764,713,Latin,réservés
976,618,1649,611,1650,709,977,716,Latin,cerfs-volistes
764,640,980,640,980,713,764,713,Latin,aux
820,849,823,734,1416,748,1413,864,Latin,d'unbadge.
538,746,834,746,834,837,538,837,Latin,munis
772,925,1028,925,1028,991,772,991,Latin,rdécline
315,925,779,925,779,1002,315,1002,Latin,L'organisateur
1042,925,1218,925,1218,991,1042,991,Latin,toute
1232,940,1693,919,1696,991,1235,1011,Latin,responsabilité
1349,940,1371,940,1371,951,1349,951,Latin,-
1291,940,1306,940,1306,954,1291,954,Latin,ssonk
1390,992,1406,980,1413,990,1397,1002,Latin,GR
567,1079,567,1017,658,1017,658,1079,Latin,de
803,1022,1166,1010,1169,1084,805,1095,Latin,respectde
340,1020,417,1020,417,1079,340,1079,Latin,en
662,1024,790,1024,790,1079,662,1079,Latin,non
1169,1079,1171,1015,1343,1020,1341,1084,Latin,cette
1353,1093,1353,1017,1686,1017,1686,1093,Latin,consigne.
1434,1020,1452,1017,1456,1041,1438,1044,Latin,MANMAN
432,1029,548,1020,552,1078,436,1088,Latin,cas
