421,417,533,399,541,450,429,468,Latin,التونسين
294,436,428,412,437,464,303,487,Latin,السوطة
942,449,1177,420,1182,461,947,490,Latin,D'INTERNEDIATION
188,438,296,429,300,486,192,495,Latin,للوماطة
658,479,939,446,944,489,663,522,Latin,LATUNSOLDIENE
182,502,296,483,304,531,190,550,Latin,للورط
293,484,361,484,361,533,293,533,Latin,وميل
517,506,595,495,601,537,522,548,Latin,-
466,1021,618,986,637,1070,485,1105,Latin,السربع
813,1086,983,1081,985,1143,816,1149,Latin,POSTÉ
668,1093,811,1087,814,1148,671,1154,Latin,RAPID
488,1096,666,1091,667,1153,490,1157,Latin,AGENCE
