1175,792,1190,761,1248,790,1233,821,Latin,"Wy
1725,793,1778,793,1778,828,1725,828,Latin,un
1017,834,1084,826,1087,851,1020,859,Latin,庫前まガी
1760,845,1784,845,1784,863,1760,863,Latin,||
1597,857,1620,857,1620,880,1597,880,Latin,||
1649,851,1667,851,1667,874,1649,874,Latin,静道
2098,851,2122,851,2122,880,2098,880,Latin,||
1020,868,1096,868,1096,898,1020,898,Latin,FHITTI
1515,868,1539,868,1539,886,1515,886,Latin,||
2046,880,2046,863,2069,863,2069,880,Latin,||
1469,868,1492,868,1492,892,1469,892,Latin,町|
1760,886,1784,886,1784,909,1760,909,Latin,||
1644,898,1667,898,1667,921,1644,921,Latin,||
1725,892,1743,892,1743,915,1725,915,Latin,보
1043,903,1078,903,1078,921,1043,921,Latin,TEGIM
1603,903,1620,903,1620,927,1603,927,Latin,円
1469,915,1492,915,1492,938,1469,938,Latin,||
1515,909,1539,909,1539,944,1515,944,Latin,円
1988,909,2028,909,2028,950,1988,950,Latin,€
1434,921,1457,921,1457,938,1434,938,Latin,高東丁য
1807,927,1830,927,1830,950,1807,950,Latin,||
1024,942,1100,933,1103,955,1026,964,Latin,面TREI有
1696,938,1743,938,1743,962,1696,962,Latin,関川
1760,933,1784,933,1784,956,1760,956,Latin,||
2098,950,2122,950,2122,973,2098,973,Latin,||
1515,944,1539,944,1539,973,1515,973,Latin,||
1026,973,1090,973,1090,997,1026,997,Latin,त元重골
1807,973,1830,973,1830,997,1807,997,Latin,||
2098,997,2122,997,2122,1026,2098,1026,Latin,금
1982,1003,2028,1003,2028,1043,1982,1043,Latin,휴의
1935,1008,1958,1008,1958,1032,1935,1032,Latin,-
1807,1020,1830,1020,1830,1043,1807,1043,Latin,||
2098,1043,2122,1043,2122,1067,2098,1067,Latin,||
1988,1049,2023,1049,2023,1078,1988,1078,Latin,崎田
1807,1067,1830,1067,1830,1090,1807,1090,Latin,DI
1008,1072,1032,1072,1032,1102,1008,1102,Latin,D
1008,1130,1012,1088,1096,1098,1092,1139,Latin,a.k
