673,52,728,46,733,93,679,99,Latin,नी
431,79,677,53,682,102,436,127,Latin,改馨避鱼
296,95,396,86,400,130,300,139,Latin,英国:
556,157,872,128,874,155,558,184,Latin,水康本中国政FM公险限
364,173,543,158,545,185,366,200,Latin,(अ三했游大大学
578,185,806,165,809,196,581,217,Latin,歡상欢府人数学g
309,177,353,177,353,203,309,203,Latin,让村
256,184,301,180,303,204,258,208,Latin,中通
302,181,307,181,307,203,302,203,Latin,(
204,189,257,185,259,207,206,210,Latin,1884
775,193,866,187,868,217,777,223,Latin,草힉관
468,190,539,190,539,219,468,219,Latin,村达区
406,200,466,195,468,220,408,225,Latin,人型물
300,209,384,202,386,227,302,234,Latin,风회计才
247,214,271,212,272,222,248,225,Latin,दाय
270,212,300,210,301,232,271,234,Latin,精음
528,213,652,202,655,233,530,243,Latin,午望地行
200,215,252,213,253,237,201,240,Latin,市창
497,243,497,219,528,219,528,243,Latin,成
380,228,494,220,495,245,382,252,Latin,人业66%のの~人
566,242,716,231,718,258,568,269,Latin,A제河前
252,236,313,236,313,260,252,260,Latin,炭此간
218,267,565,243,567,269,220,293,Latin,城业修質、社有民機(有村路西13間実
670,270,859,255,861,287,672,302,Latin,人民馆大装接)
442,285,630,273,632,300,444,312,Latin,F1918年관T
343,291,444,285,445,310,344,316,Latin,英園民品
715,297,864,289,866,316,716,324,Latin,禁好护人
239,297,320,294,321,319,240,322,Latin,优之戸
656,300,720,300,720,326,656,326,Latin,小兴科
578,329,578,304,635,304,635,329,Latin,Act)
488,309,569,309,569,338,488,338,Latin,People
443,315,479,315,479,337,443,337,Latin,the
417,316,441,316,441,337,417,337,Latin,of
240,327,406,318,407,343,242,353,Latin,Representation
676,324,852,321,853,355,677,357,Latin,人収便際是회
195,329,232,327,233,348,196,350,Latin,(the
548,337,672,328,674,356,550,365,Latin,女性料所
364,346,525,337,526,363,366,371,Latin,谢음和f:30
316,348,366,348,366,371,316,371,Latin,炭前
194,351,315,351,315,377,194,377,Latin,时有坝产FT
698,360,787,356,789,382,699,386,Latin,定門만
524,368,618,363,619,388,525,393,Latin,向門牌。
312,376,523,366,524,393,313,402,Latin,社乘健在大城启制
192,406,193,379,255,381,254,409,Latin,オ人。
714,390,865,384,866,418,716,425,Latin,世间危险
515,396,700,391,701,417,516,423,Latin,用放健休禁处。
438,401,493,397,495,422,440,426,Latin,用华
386,401,439,401,439,426,386,426,Latin,委牌
230,408,384,404,385,430,231,435,Latin,波障배피터人
188,412,214,412,214,433,188,433,Latin,四店
724,417,872,413,873,444,725,448,Latin,「与以险间
626,422,720,417,721,446,627,450,Latin,始发大餐
490,424,583,424,583,450,490,450,Latin,1928年
331,431,461,426,462,453,332,458,Latin,常航前用
204,437,286,432,288,457,205,462,Latin,离到餐제
186,463,316,460,317,487,187,489,Latin,禁村관计本。
