122,54,387,26,392,75,128,102,Latin,金业家舱
494,125,910,87,914,136,498,173,Latin,かち艺楽奖践和防学院
290,147,455,132,459,179,294,193,Latin,自商文化
269,146,293,146,293,166,269,166,Latin,o
134,160,250,151,254,195,138,204,Latin,往中国
251,154,254,154,254,176,251,176,Latin,!
624,180,910,158,914,207,628,229,Latin,铁多金基处
130,224,594,186,598,231,134,269,Latin,録大重济游森路地下の現。
647,248,886,233,889,281,650,295,Latin,导ौ的送器
390,267,605,250,609,297,393,314,Latin,“铁交告计ン
126,286,367,271,370,315,128,329,Latin,进파自进是
118,358,908,314,911,364,121,408,Latin,ごえ前与与地局中西品中ج中理年若小場导转
118,423,280,419,281,463,119,467,Latin,场的改書
763,477,911,477,911,527,763,527,Latin,市立築
109,499,729,483,730,530,111,546,Latin,全り关ा要金手文物質交设録
834,518,845,518,845,529,834,529,Latin,domil-in-sins-nis
622,558,631,558,631,567,622,567,Latin,3
109,565,711,555,712,604,110,614,Latin,为经য়学美基基学院时館立
