993,531,1212,511,1219,588,1000,608,Latin,멩대货送温险险店
1102,565,1201,565,1201,595,1102,595,Latin,MOBI
988,592,1014,565,1037,589,1011,615,Latin,오
938,635,979,635,979,664,938,664,Latin,清前
1366,882,1858,841,1868,963,1376,1004,Latin,无창燃ケ
878,912,1334,887,1341,1006,884,1030,Latin,警養波波
1547,1030,1859,1007,1862,1057,1551,1080,Latin,潍固基事和庭影실
895,1073,1544,1028,1548,1078,898,1123,Latin,如可前口与以理人民份时公国公司
1398,1096,1754,1076,1756,1126,1400,1146,Latin,我城连難管理举管团爆化
1204,1109,1375,1099,1379,1149,1208,1160,Latin,和察燃학
1008,1113,1172,1113,1172,1160,1008,1160,Latin,解熱基能
1019,1372,1738,1326,1750,1521,1031,1566,Latin,请上三棵
