1318,1485,1418,1485,1418,1526,1318,1526,Latin,From
1431,1490,1616,1490,1616,1530,1431,1530,Latin,designers
1318,1571,1318,1539,1359,1539,1359,1571,Latin,to
1368,1539,1413,1539,1413,1566,1368,1566,Latin,all
1427,1535,1558,1535,1558,1566,1427,1566,Latin,clients.
1630,1724,1779,1724,1779,1774,1630,1774,Latin,葵便直
1345,1724,1445,1724,1445,1779,1345,1779,Latin,露快
1598,1905,1598,1855,1693,1855,1693,1905,Latin,葉等
1413,1855,1508,1855,1508,1905,1413,1905,Latin,事快
1492,1968,1602,1963,1605,2018,1494,2022,Latin,葉好
