474,95,508,95,508,120,474,120,Latin,布
225,127,394,102,400,141,231,165,Latin,成स科学院
335,160,401,153,404,179,338,186,Latin,嘉宾子
52,209,303,165,308,192,57,236,Latin,公司与口南国区足院有限公司
408,192,509,178,513,205,412,219,Latin,由रस汀
212,220,407,192,411,220,216,248,Latin,小西口的파于ষ沢
143,230,193,224,197,250,147,257,Latin,为ガ
409,236,503,224,507,251,412,262,Latin,素奈的VES
52,246,137,235,140,259,55,270,Latin,温督位닭
109,269,383,236,387,268,113,301,Latin,类活客明龙国国国西:00g
237,298,538,265,541,293,240,327,Latin,电是::您场超駐車場
53,287,94,280,98,303,56,310,Latin,美容
48,323,219,302,222,327,51,347,Latin,월별য়人行安学院
47,362,146,350,149,376,50,387,Latin,(戸押니교
59,459,494,445,497,529,61,544,Latin,南曜届届银行限公司
464,579,560,579,560,618,464,618,Latin,-个식
333,583,450,583,450,618,333,618,Latin,吴警设警
35,594,316,591,316,619,35,621,Latin,第市最全日燃修务院团
34,631,108,631,108,662,34,662,Latin,库金额
247,634,561,634,561,663,247,663,Latin,名両塔号子管的快寺晚料座
134,660,134,635,228,637,227,662,Latin,约1000元
71,703,72,676,215,677,215,705,Latin,吴要大チ1000元
233,706,233,680,276,680,276,706,Latin,横間
274,706,275,678,470,683,470,711,Latin,融进部分堂动华学修
471,683,563,683,563,712,471,712,Latin,三貸好的없
32,742,34,718,97,722,96,746,Latin,黄广上
106,746,107,718,201,722,199,751,Latin,不収不専橋
204,726,317,726,317,752,204,752,Latin,夏豆号车
31,784,33,759,85,762,84,787,Latin,全安隆
28,827,31,794,200,807,198,841,Latin,当岛管力着生!
