683,1200,688,1146,1031,1178,1026,1232,Latin,运GUEPRT
1079,1238,1085,1187,1275,1208,1269,1259,Latin,成EGA
599,1365,610,1211,1153,1249,1142,1403,Latin,严題院
513,1381,618,1381,618,1422,513,1422,Latin,BEPP
627,1427,630,1384,731,1392,728,1435,Latin,草é.
747,1433,752,1390,884,1405,879,1448,Latin,水区町.
892,1411,985,1411,985,1451,892,1451,Latin,进部
1000,1456,1003,1414,1128,1424,1125,1466,Latin,融료स.
1140,1467,1144,1425,1285,1436,1282,1478,Latin,有机素东
511,1474,514,1431,614,1437,612,1481,Latin,Milt:
628,1485,630,1439,824,1449,822,1495,Latin,繰田届商店
921,1463,1008,1463,1008,1504,921,1504,Latin,电话:
1029,1508,1033,1472,1146,1483,1142,1519,Latin,13701
1148,1486,1276,1486,1276,1521,1148,1521,Latin,27227日
