344,117,457,117,457,172,344,172,Latin,Ama
464,227,607,227,607,274,464,274,Latin,Travel
647,538,706,538,706,571,647,571,Latin,৭ে57
574,545,644,545,644,574,574,574,Latin,393
501,549,578,549,578,603,501,603,Latin,C36
1128,553,1318,547,1321,671,1132,677,Latin,كالة
899,650,916,546,1129,581,1112,684,Latin,أسفة
655,567,717,567,717,600,655,600,Latin,175
578,571,651,571,651,603,578,603,Latin,224
534,613,746,606,747,647,535,653,Latin,VOYAGES
464,611,523,611,523,655,464,655,Latin,DE
265,628,458,614,461,657,268,671,Latin,AGENCE
563,669,706,669,706,706,563,706,Latin,رحلاخلية
475,673,560,673,560,702,475,702,Latin,وخارجية
470,732,473,693,602,704,599,743,Latin,مرالتة
1152,695,1331,686,1334,762,1156,772,Latin,امازيغ
957,698,1155,680,1162,764,964,782,Latin,يلإسفاريية
600,742,600,706,709,706,709,742,Latin,ععرة
589,764,589,735,680,735,680,764,Latin,تذاكر
347,771,348,746,414,750,413,775,Latin,Trayel
0,837,0,753,154,753,154,837,Latin,ges
-3,929,1,870,205,886,201,945,Latin,nénage
