1606,254,1746,74,2346,538,2206,718,Latin,CSTV
1681,531,1821,531,1821,811,1681,811,Latin,सा
2253,727,2371,565,2929,975,2811,1136,Latin,漢ÉRISTARS
1893,715,1900,687,1943,698,1936,725,Latin,svins
1816,857,1926,685,2516,1064,2405,1236,Latin,HÉ브ansen
1367,905,1502,856,1600,1128,1465,1177,Latin,08
1586,1264,1595,986,1719,990,1710,1268,Latin,시
1639,1228,1760,1031,2409,1430,2289,1627,Latin,NEPAMEI
2391,1220,2487,1076,2958,1390,2862,1534,Latin,お화yegion
1235,1376,1409,1320,1532,1701,1358,1757,Latin,mer
2876,1544,2902,1377,3070,1403,3044,1570,Latin,丹신
2396,1445,2425,1445,2425,1474,2396,1474,Latin,-
2292,1589,2393,1413,2786,1637,2685,1813,Latin,기ধ目
1454,1464,1589,1434,1652,1710,1517,1741,Latin,30
3044,1467,3207,1467,3207,1703,3044,1703,Latin,স0김
2322,1555,2344,1555,2344,1607,2322,1607,Latin,V
1580,1541,1741,1518,1785,1829,1624,1852,Latin,DE
1766,1867,1818,1581,2008,1615,1955,1902,Latin,地
1969,1716,2232,1663,2304,2026,2042,2079,Latin,값름
2249,2069,2318,1861,2610,1959,2541,2166,Latin,내부
1241,2249,1344,1963,2137,2248,2035,2534,Latin,老라号업genla
1996,2505,2082,2236,2666,2425,2579,2693,Latin,자동구과정
2604,2691,2686,2480,3491,2792,3409,3003,Latin,/mk-stons
