766,166,787,86,937,127,915,206,Latin,sma
245,158,255,76,368,90,358,173,Latin,SCA
296,213,303,187,402,215,395,241,Latin,MESMGT868
757,275,771,185,1119,240,1105,330,Latin,관EUUMAS
298,235,302,216,400,239,396,257,Latin,회시멀导구성:
1884,265,2228,187,2257,317,1913,394,Latin,चধ村য়니র
756,356,766,286,887,303,877,373,Latin,SCA
876,366,884,309,1038,330,1031,386,Latin,119FN
1412,332,1456,332,1456,380,1412,380,Latin,ও
2050,365,2249,327,2261,385,2061,423,Latin,119FN
1000,478,1001,458,1093,465,1092,485,Latin,소자建2R
2186,485,2247,485,2247,507,2186,507,Latin,있대음
169,1057,173,788,1490,806,1486,1075,Latin,화재발생시
1565,1062,1565,809,2059,809,2059,1062,Latin,사용
0,1325,0,1102,472,1102,472,1325,Latin,보휴홈
1682,1180,1917,1115,1940,1199,1705,1264,Latin,se합습다d
1154,1185,1281,1185,1281,1241,1154,1241,Latin,19FN
515,1259,526,1196,574,1204,563,1267,Latin,2
1902,1207,1989,1207,1989,1263,1902,1263,Latin,9F
1689,1255,1817,1246,1820,1296,1692,1305,Latin,SSAM응상MA
717,1338,800,1338,800,1368,717,1368,Latin,찾용방道
1403,1333,1469,1333,1469,1360,1403,1360,Latin,찬용방堂
1236,1345,1403,1337,1404,1365,1238,1373,Latin,예무은간대과中의
539,1370,607,1362,611,1393,542,1401,Latin,간급금대
1919,1390,1919,1364,1980,1364,1980,1390,Latin,탄자용
1978,1390,1980,1361,2069,1367,2067,1396,Latin,간급대프
0,1399,433,1399,433,1626,0,1626,Latin,화회호
1170,1609,1259,1601,1261,1624,1172,1632,Latin,화실里방품
1119,1613,1167,1613,1167,1631,1119,1631,Latin,포장지를
1119,1631,1193,1631,1193,1648,1119,1648,Latin,가보하시의
350,1674,389,1674,389,1692,350,1692,Latin,밤공d
297,1679,350,1679,350,1696,297,1696,Latin,화상표
1274,1696,1332,1686,1335,1706,1277,1716,Latin,화재시스야실
86,1729,255,1723,258,1817,90,1823,Latin,중풍
323,1727,503,1727,503,1814,323,1814,Latin,밤흥
