1593,270,1917,270,1917,470,1593,470,Latin,특링
1901,265,2354,265,2354,464,1901,464,Latin,찬산스!
1237,480,1247,264,1553,278,1543,494,Latin,신상
679,299,1182,290,1185,457,682,466,Latin,#NEW
1447,454,1496,454,1496,481,1447,481,Latin,F
1731,707,2030,669,2080,1055,1782,1094,Latin,rs
133,1125,138,685,1230,697,1225,1137,Latin,포어y
2164,1151,2845,1141,2852,1589,2171,1599,Latin,런칭
421,1188,1242,1188,1242,1598,421,1598,Latin,스피설
1332,1573,1339,1177,2021,1188,2015,1584,Latin,세트
2533,2198,2533,1798,2830,1798,2830,2198,Latin,미방
2786,1998,2824,1998,2824,2014,2786,2014,Latin,S
2190,2055,2236,2009,2354,2128,2308,2174,Latin,え上ッキ킨
1820,2176,2025,2176,2025,2219,1820,2219,Latin,hy-looking
2033,2222,2046,2185,2133,2214,2121,2251,Latin,SKin
