159,684,170,512,483,532,472,704,Latin,Happ
617,654,620,544,896,551,894,661,Latin,ness
618,618,625,618,625,655,618,655,Latin,1
344,731,614,731,614,819,344,819,Latin,TCIsise
303,834,674,731,714,876,344,979,Latin,12省游
614,951,614,885,713,885,713,951,Latin,2袋
340,1097,340,965,706,965,706,1097,Latin,TEéte
720,1003,922,994,926,1083,724,1092,Latin,هابي
817,1136,898,1120,905,1154,824,1170,Latin,manar
779,1137,816,1137,816,1174,779,1174,Latin,el
636,1141,775,1137,777,1182,637,1186,Latin,Centre
255,1187,257,1139,572,1153,570,1201,Latin,Av.Tnovembre
867,1170,900,1170,900,1214,867,1214,Latin,2.5
724,1208,858,1178,867,1219,733,1249,Latin,gremda
249,1234,257,1192,372,1213,364,1255,Latin,Nasria
640,1203,717,1203,717,1247,640,1247,Latin,Rte
380,1225,483,1225,483,1251,380,1251,Latin,carretour
497,1251,497,1229,582,1229,582,1251,Latin,market
852,1262,896,1262,896,1287,852,1287,Latin,orsing
258,1310,264,1264,558,1299,553,1345,Latin,ENNASR2.co1
754,1280,843,1268,846,1296,757,1308,Latin,boutique
699,1284,750,1284,750,1313,699,1313,Latin,face
658,1287,695,1287,695,1317,658,1317,Latin,en
565,1298,653,1290,655,1319,567,1326,Latin,Nouira
720,1366,922,1305,934,1344,731,1405,Latin,Cium:sa7k
239,1386,245,1353,327,1367,321,1401,Latin,ness.
324,1405,327,1364,496,1374,493,1416,Latin,tunisie
607,1371,713,1371,713,1404,607,1404,Latin,Service
563,1408,563,1368,603,1368,603,1408,Latin,3
