316,257,546,247,549,320,319,329,Latin,الشايب
156,266,314,246,323,315,165,335,Latin,الناوي
543,326,546,260,685,265,683,332,Latin,منى
699,274,852,274,852,318,699,318,Latin,الدكتورة
282,380,284,334,414,338,413,383,Latin,والأمعاء
513,340,840,337,841,393,513,396,Latin,أحصائية
174,341,281,341,281,381,174,381,Latin,والكبد
413,344,522,344,522,383,413,383,Latin,العدة
492,371,507,368,511,381,495,385,Latin,FV
487,374,494,374,494,383,487,383,Latin,।
229,445,231,403,363,408,362,449,Latin,بالنظار
362,408,505,400,508,441,365,449,Latin,الكشف
662,408,777,401,780,452,664,458,Latin,أمراض
552,455,552,409,659,409,659,455,Latin,العذر
157,520,158,470,651,483,650,532,Latin,D.MOUNACHAIER
650,532,650,478,852,478,852,532,Latin,NAOUI
160,536,304,536,304,569,160,569,Latin,Spécialiste
313,541,351,541,351,566,313,566,Latin,en
352,566,353,542,440,545,439,569,Latin,Gastro
463,569,465,541,623,549,622,578,Latin,Entérolagie
628,579,629,545,841,551,840,584,Latin,ethépatologie
227,613,228,582,416,585,415,616,Latin,Hémorroides
441,590,562,590,562,617,441,617,Latin,Endoscl
622,626,622,592,764,594,764,629,Latin,Digestive
276,624,341,624,341,643,276,643,Latin,Tél:71
344,645,344,627,381,627,381,645,Latin,434
383,627,418,627,418,645,383,645,Latin,006
541,631,583,631,583,650,541,650,Latin,GSM
599,634,622,634,622,650,599,650,Latin,26
627,634,662,634,662,652,627,652,Latin,606
666,636,701,636,701,655,666,655,Latin,208
