846,935,858,537,2446,583,2434,980,Latin,総警機種
414,1585,421,980,2810,1010,2802,1615,Latin,居湖屋館
12,1117,17,1086,111,1100,106,1131,Latin,SAPPORO
2975,1480,3019,1480,3019,1528,2975,1528,Latin,YE
3002,1571,3019,1571,3019,1685,3002,1685,Latin,Vinga食
3002,1690,3019,1690,3019,1728,3002,1728,Latin,W
1723,1733,1836,1733,1836,1998,1723,1998,Latin,好中り骨
429,2068,447,1730,599,1738,581,2076,Latin,POBES
588,2020,600,1733,776,1740,764,2028,Latin,ÄMY
1393,1901,1400,1737,1562,1744,1554,1908,Latin,清酒
416,1744,1388,1732,1394,2216,422,2229,Latin,ن다카雪计项目
1021,1739,1123,1739,1123,1793,1021,1793,Latin,TI.
2057,1744,2183,1741,2195,2196,2070,2199,Latin,작먹ッス
3002,1777,3019,1777,3019,1825,3002,1825,Latin,PNE
1031,1825,1102,1825,1102,1885,1031,1885,Latin,A
1537,1834,1658,1827,1671,2057,1550,2063,Latin,She
1016,1894,1105,1876,1113,1913,1023,1931,Latin,な
1393,1901,1490,1901,1490,1955,1393,1955,Latin,(ব
2981,1917,3019,1917,3019,2101,2981,2101,Latin,小店
1387,1960,1569,1950,1575,2052,1394,2063,Latin,禁ौ産
1803,1994,1843,1987,1847,2009,1807,2016,Latin,A
1372,2037,1846,1992,1865,2189,1391,2234,Latin,拍光성
432,2079,432,2068,470,2068,470,2079,Latin,PERSERTE
3002,2155,3019,2155,3019,2257,3002,2257,Latin,1
