650,191,701,191,701,231,650,231,Latin,LE
0,208,49,208,49,227,0,227,Latin,smana
147,233,541,217,543,281,150,297,Latin,000000000
140,429,147,275,599,296,592,449,Latin,温末按े
493,289,535,289,535,321,493,321,Latin,مسمي
442,295,489,293,491,321,444,323,Latin,مسديي
399,295,442,295,442,329,399,329,Latin,E연장
397,457,633,446,636,516,400,526,Latin,12-560円
159,458,391,443,396,513,163,528,Latin,88730円
57,486,57,465,117,465,117,486,Latin,W入日に
59,484,103,479,105,495,62,501,Latin,ご藤超島
59,502,118,484,125,507,67,526,Latin,दवいい
555,550,622,546,623,566,556,569,Latin,土休日の
389,548,490,548,490,575,389,575,Latin,20-19د즈지
58,557,203,546,205,577,60,588,Latin,ご利買险にの
244,550,350,547,351,573,244,576,Latin,禁政화夕インの
551,569,628,566,629,586,552,589,Latin,28間南회
255,573,342,573,342,590,255,590,Latin,フU-バス
95,582,176,574,179,597,97,604,Latin,前日まで
295,655,296,642,368,652,366,665,Latin,MAGDUSस
87,647,276,642,276,664,87,669,Latin,タイダのフりーパス化ら
294,671,295,656,378,664,377,679,Latin,緊いるBais
38,688,38,654,178,654,178,688,Latin,禁じ様ショいるい
450,694,450,679,501,679,501,694,Latin,禁原ス
429,706,433,687,465,695,461,714,Latin,DU:
465,694,501,694,501,707,465,707,Latin,エ프ア
52,760,123,755,124,770,54,775,Latin,02céu
265,769,278,769,278,786,265,786,Latin,5
56,816,102,812,103,825,57,829,Latin,ONUO
227,815,257,815,257,839,227,839,Latin,ब送て
635,849,669,849,669,862,635,862,Latin,NARPED
102,858,304,858,304,885,102,885,Latin,2017年3:26le0
101,885,199,878,200,895,102,902,Latin,土許日の2日前
103,916,288,910,289,934,104,939,Latin,2017年3:24ele
110,944,208,940,209,959,111,962,Latin,。番방費動買科情ag
185,953,327,953,327,968,185,968,Latin,B家での際待とeeoer
123,959,178,956,179,968,123,972,Latin,13R南0
89,1034,89,985,372,985,372,1034,Latin,ご自由しにお取
418,987,516,987,516,1034,418,1034,Latin,下さे
367,987,408,987,408,1032,367,1032,Latin,S
516,994,561,994,561,1030,516,1030,Latin,Vi
518,1017,527,1017,527,1032,518,1032,Latin,Moull
178,1062,219,1062,219,1079,178,1079,Latin,AON
656,1125,686,1125,686,1166,656,1166,Latin,1
