185,428,643,382,647,423,189,469,Latin,駐国三ニ年种Bい降だがに
192,468,606,434,609,471,195,505,Latin,英急ことにご注意ください
469,720,611,710,612,731,470,741,Latin,如収上まっったぐく
271,730,340,730,340,748,271,748,Latin,土らない
181,736,254,732,255,750,182,754,Latin,歩がない
478,921,638,918,639,937,478,941,Latin,湖ま型まれいたいに
252,931,346,931,346,946,252,946,Latin,のりださい
577,1096,671,1096,671,1108,577,1108,Latin,札幌ULICE
470,1096,547,1096,547,1111,470,1111,Latin,閉い包ののÌ
352,1100,397,1100,397,1113,352,1113,Latin,せたレ২
282,1102,318,1102,318,1115,282,1115,Latin,一시ー
320,1102,350,1102,350,1115,320,1115,Latin,まの
