1432,501,1955,493,1957,632,1434,640,Latin,مطعل
713,607,816,607,816,647,713,647,Latin,GSM
827,650,832,602,857,605,852,653,Latin,00
863,614,929,614,929,655,863,655,Latin,22
946,662,948,618,1048,622,1046,667,Latin,617
907,640,929,640,929,658,907,658,Latin,-
1060,669,1065,620,1215,635,1210,684,Latin,157)
1218,680,1218,636,1284,636,1284,680,Latin,54
1289,683,1292,639,1394,645,1391,689,Latin,217
1405,690,1408,646,1499,652,1496,696,Latin,157
1499,655,1547,655,1547,702,1499,702,Latin,V
1551,655,1616,655,1616,699,1551,699,Latin,99
1635,703,1639,661,1730,669,1726,711,Latin,617
1741,673,1748,673,1748,706,1741,706,Latin,%
1747,712,1749,670,1834,675,1832,717,Latin,157
772,745,776,693,903,703,899,756,Latin,Les
894,762,896,699,1290,714,1287,778,Latin,Sper::14lisles
980,702,998,702,998,728,980,728,Latin,GEM
1302,778,1307,727,1419,737,1415,789,Latin,Des
1423,787,1427,732,1627,744,1624,799,Latin,Moleur
1627,753,1693,753,1693,801,1627,801,Latin,대s
1689,805,1694,746,2040,772,2035,832,Latin,liérlriues
614,775,742,775,742,797,614,797,Latin,TUNISIA
786,768,870,768,870,812,786,812,Latin,بانية
870,775,947,775,947,816,870,816,Latin,عير
1189,794,1284,794,1284,834,1189,834,Latin,المدر
1317,805,1379,805,1379,837,1317,837,Latin,قه
1402,845,1405,811,1476,818,1472,852,Latin,عولة
1584,816,1635,816,1635,852,1584,852,Latin,الم
1785,830,1832,830,1832,841,1785,841,Latin,c&합을
748,866,750,831,927,839,925,875,Latin,Rudirstelrs.com
928,879,929,848,1083,852,1082,882,Latin,cariateurse
1087,883,1090,855,1169,864,1166,891,Latin,vitesses
757,878,859,878,859,918,757,918,Latin,Organas
867,911,867,881,900,881,900,911,Latin,de
902,914,904,885,1054,893,1053,922,Latin,tiransionsions
902,962,903,926,1047,931,1046,966,Latin,Vontilatony
1688,1041,1690,1001,1906,1007,1904,1048,Latin,지ッハoronetonet
1909,1013,1935,1013,1935,1035,1909,1035,Latin,at
1933,1044,1936,1013,2046,1023,2043,1054,Latin,monoplia
562,1065,565,1033,687,1046,683,1078,Latin,Aveme
693,1071,695,1041,766,1045,764,1075,Latin,iles
1693,1075,1693,1046,1766,1046,1766,1075,Latin,A门
762,1075,765,1042,905,1055,903,1087,Latin,marlurs
1781,1046,1865,1046,1865,1079,1781,1079,Latin,Uifril
935,1082,939,1052,991,1059,987,1089,Latin,Im.
997,1086,999,1055,1106,1061,1104,1092,Latin,Pssalii
1894,1086,1894,1057,1968,1057,1968,1086,Latin,afrein
1304,1100,1306,1068,1481,1075,1480,1108,Latin,Tés//٨/맛
1481,1079,1543,1079,1543,1112,1481,1112,Latin,218
1790,1123,1792,1092,1958,1101,1956,1132,Latin,Pax:7141店
1964,1101,2022,1101,2022,1130,1964,1130,Latin,anf
15,1419,15,1375,99,1375,99,1419,Latin,raa
