3723,106,3797,65,3846,153,3772,194,Latin,V
3442,144,3607,144,3607,274,3442,274,Latin,0袋
3195,569,3208,134,3303,137,3290,572,Latin,O300300
3043,186,3114,168,3153,314,3082,333,Latin,x王이ns
2950,196,3043,185,3053,263,2960,274,Latin,3
3312,209,3362,209,3362,274,3312,274,Latin,R
3766,216,3830,216,3830,324,3766,324,Latin,a
2585,238,2678,238,2678,439,2585,439,Latin,T-4
2360,648,2369,257,2450,259,2440,650,Latin,23-010
3434,288,3528,288,3528,382,3434,382,Latin,W
3535,281,3607,281,3607,374,3535,374,Latin,2
1861,691,1895,329,1965,335,1932,697,Latin,Kssme
3758,324,3823,324,3823,425,3758,425,Latin,@
3866,331,3931,331,3931,410,3866,410,Latin,니
2203,367,2239,367,2239,403,2203,403,Latin,0
2951,354,3027,347,3040,479,2964,486,Latin,Ui
3510,536,3545,363,3625,379,3590,552,Latin,"30-
3038,389,3110,389,3110,482,3038,482,Latin,306-
3441,489,3449,397,3521,403,3513,495,Latin,L
2585,446,2664,446,2664,626,2585,626,Latin,CO
2959,526,3024,526,3024,605,2959,605,Latin,り
397,747,412,565,466,570,450,751,Latin,W
799,569,850,569,850,626,799,626,Latin,34
636,776,666,598,723,608,694,785,Latin,L-M骨
1512,641,1584,641,1584,706,1512,706,Latin,ル
1368,670,1418,670,1418,720,1368,720,Latin,금
396,749,446,749,446,799,396,799,Latin,H6
1195,1440,1505,1440,1505,1706,1195,1706,Latin,出
1657,1463,1781,1452,1788,1526,1664,1537,Latin,IV
1602,1694,1613,1523,1848,1538,1838,1708,Latin,"U
2769,1806,2781,1634,3179,1661,3167,1834,Latin,とんまう
0,2160,79,2160,79,2225,0,2225,Latin,1원
2520,2160,2585,2160,2585,2282,2520,2282,Latin,당分
2527,2520,2599,2520,2599,2693,2527,2693,Latin,পু지/
2575,2812,2578,2782,2673,2792,2670,2823,Latin,FASRAT
2668,2829,2678,2779,2921,2828,2911,2878,Latin,유병ديد:
2913,2875,2922,2827,3046,2851,3036,2900,Latin,센票
