2200,928,2453,928,2453,984,2200,984,Latin,国PU압운
1462,977,1764,977,1764,1068,1462,1068,Latin,Amsa
1996,998,2221,998,2221,1068,1996,1068,Latin,Città
2341,998,2636,998,2636,1068,2341,1068,Latin,Salute
1454,1090,1727,1079,1729,1119,1455,1130,Latin,Gruppoa2a
2186,1090,2341,1090,2341,1111,2186,1111,Latin,Cooderativa
2355,1090,2446,1090,2446,1111,2355,1111,Latin,Sociale
2544,1322,2650,1322,2650,1364,2544,1364,Latin,fis
2556,1365,2648,1357,2650,1384,2558,1392,Latin,uul
2425,1455,2636,1455,2636,1476,2425,1476,Latin,Destinazione
2650,1455,2706,1455,2706,1476,2650,1476,Latin,dei
2713,1455,2804,1455,2804,1476,2713,1476,Latin,ricavi
1701,1462,1736,1462,1736,1483,1701,1483,Latin,2.
1743,1462,1877,1462,1877,1483,1743,1483,Latin,Vendita
1884,1455,1968,1455,1968,1490,1884,1490,Latin,degli
1982,1455,2144,1455,2144,1483,1982,1483,Latin,indumenti
1054,1497,1054,1469,1216,1469,1216,1497,Latin,Raccolta
1223,1469,1392,1469,1392,1497,1223,1497,Latin,indumenti
2375,1497,2804,1488,2805,1514,2376,1523,Latin,Conlricovoondlolo
1406,1504,1511,1504,1511,1532,1406,1532,Latin,Salute
1624,1525,1624,1497,2221,1497,2221,1525,Latin,Cindlimensoocomosokenomenomoon
1286,1504,1364,1504,1364,1532,1286,1532,Latin,Città
962,1518,1272,1508,1273,1532,963,1542,Latin,ooperativa
2439,1532,2558,1532,2558,1561,2439,1561,Latin,PROgetti
2579,1532,2678,1532,2678,1553,2579,1553,Latin,SOCIaIT
2692,1532,2734,1532,2734,1553,2692,1553,Latin,SUI
2748,1525,2875,1525,2875,1553,2748,1553,Latin,territorio
1884,1539,1926,1539,1926,1561,1884,1561,Latin,ad
1933,1539,2066,1539,2066,1561,1933,1561,Latin,aziende
2066,1539,2158,1539,2158,1561,2066,1561,Latin,Ferze
2291,1561,2291,1532,2425,1532,2425,1561,Latin,sostiene
1687,1568,1687,1539,1870,1539,1870,1568,Latin,poivenduti
900,1553,1047,1553,1047,1582,900,1582,Latin,raccoglie
1061,1553,1103,1553,1103,1582,1061,1582,Latin,gli
1103,1575,1103,1553,1279,1553,1279,1575,Latin,indumenti
1293,1546,1371,1546,1371,1575,1293,1575,Latin,usati
1385,1546,1490,1546,1490,1568,1385,1568,Latin,tramite
2397,1575,2446,1575,2446,1596,2397,1596,Latin,Per
2453,1568,2776,1568,2776,1596,2453,1596,Latin,moooinfomozionl
1708,1582,1750,1582,1750,1603,1708,1603,Latin,di
1750,1582,1996,1582,1996,1603,1750,1603,Latin,CUTiconsorzio
2010,1575,2130,1575,2130,1603,2010,1603,Latin,verifica
1321,1610,1321,1589,1448,1589,1448,1610,Latin,Jisiocoti
949,1596,1082,1596,1082,1617,949,1617,Latin,unarete
1132,1589,1300,1589,1300,1617,1132,1617,Latin,cassonetti
2432,1610,2594,1610,2594,1631,2432,1631,Latin,suiDrocett
2608,1610,2734,1610,2734,1631,2608,1631,Latin,finanziati
1743,1645,1743,1617,1870,1617,1870,1645,Latin,l'eticità
1877,1617,2087,1617,2087,1645,1877,1645,Latin,dell'operato
1417,1631,1482,1620,1487,1645,1422,1656,Latin,cosi
956,1631,1096,1631,1096,1652,956,1652,Latin,Comune
1111,1631,1139,1631,1139,1652,1111,1652,Latin,di
1146,1631,1251,1631,1251,1652,1146,1652,Latin,Milano
1265,1652,1265,1624,1406,1624,1406,1652,Latin,creando
914,1631,956,1631,956,1652,914,1652,Latin,sul
2432,1652,2516,1652,2516,1673,2432,1673,Latin,WWW
2523,1666,2523,1652,2579,1652,2579,1666,Latin,রনে
2601,1645,2706,1645,2706,1666,2601,1666,Latin,VAIOTE
1659,1659,1764,1659,1764,1680,1659,1680,Latin,QUESTE
1771,1659,1982,1659,1982,1680,1771,1680,Latin,Hseleziono
2024,1659,2179,1659,2179,1680,2024,1680,Latin,destinano
969,1673,1159,1665,1161,1696,970,1704,Latin,opportunità
1174,1673,1199,1665,1208,1692,1183,1700,Latin,di
1222,1673,1434,1665,1434,1690,1223,1698,Latin,occupazione
2558,1680,2854,1680,2854,1708,2558,1708,Latin,www.cItlaesalute.org
2045,1694,2193,1694,2193,1715,2045,1715,Latin,farnefI
2298,1694,2376,1694,2376,1708,2298,1708,Latin,WWW
2383,1694,2425,1694,2425,1708,2383,1708,Latin,ON
1631,1701,1659,1701,1659,1722,1631,1722,Latin,মে
1666,1701,1729,1701,1729,1722,1666,1722,Latin,riuso
1771,1701,2038,1701,2038,1722,1771,1722,Latin,driciclocgiooger
1216,1708,1427,1708,1427,1729,1216,1729,Latin,svontocciate
963,1708,1195,1708,1195,1736,963,1736,Latin,perlepersone
3339,2010,3339,1989,3437,1989,3437,2010,Latin,TINPIN
3219,2073,3234,1978,3446,2011,3432,2105,Latin,公钢大用া
3595,2080,3600,2020,3707,2029,3702,2089,Latin,WAT
3325,2179,3500,2179,3500,2214,3325,2214,Latin,রেগান
2692,2200,2755,2200,2755,2214,2692,2214,Latin,STP
