981,311,1433,296,1441,556,990,571,Latin,টিকিট
465,546,501,307,1010,384,974,622,Latin,大速त्त
0,581,0,377,296,377,296,581,Latin,কার্ড
973,592,1459,592,1459,841,973,841,Latin,টিকিট
-7,633,358,596,377,785,12,822,Latin,কার্ট
495,809,503,616,1013,639,1004,831,Latin,*(পের
867,669,911,669,911,688,867,688,Latin,aグনন
182,799,283,794,291,981,191,985,Latin,না
495,1017,520,805,1225,889,1200,1101,Latin,*あ制িকোন
1150,1088,1179,849,1536,893,1506,1131,Latin,বিল
1500,1133,1536,896,1923,956,1887,1192,Latin,জমা
643,1234,696,1041,1012,1129,959,1321,Latin,बारेस
918,1305,957,1076,1788,1219,1749,1448,Latin,ফৃকীৎকম
214,1510,226,1327,949,1378,936,1561,Latin,pur.Aigs
