579,386,584,220,1133,235,1128,401,Latin,تامينات
944,439,1119,439,1119,516,944,516,Latin,نيابة
582,435,741,427,745,489,585,498,Latin,معلى
748,492,750,443,945,450,943,500,Latin,محمد
588,855,591,754,780,759,777,860,Latin,الأول
790,779,1050,779,1050,867,790,867,Latin,الطابق
647,1108,768,1108,768,1152,647,1152,Latin,الديكور
786,1104,973,1104,973,1156,786,1156,Latin,الهندسية
649,1226,654,1183,753,1195,748,1238,Latin,عصدد
764,1200,837,1200,837,1236,764,1236,Latin,مكتب
852,1200,958,1200,958,1240,852,1240,Latin,ميزائين
1641,1298,1744,1290,1746,1313,1643,1321,Latin,الصدالس
1700,1328,1701,1319,1735,1324,1733,1333,Latin,BAADUM
