738,158,843,141,846,165,741,182,Latin,禁手攀攀堂修等
694,164,737,158,741,182,697,188,Latin,新추銀骨
616,177,688,167,691,191,620,201,Latin,警手践科技S
547,187,617,176,620,200,551,210,Latin,法华警践餐修学修
503,193,546,189,548,213,505,217,Latin,동용発骨실을
404,209,498,195,501,218,407,232,Latin,新해美種É委修
640,209,795,200,797,245,642,254,Latin,للهة
391,217,400,217,400,233,391,233,Latin,201
388,255,635,218,645,280,397,317,Latin,الإسسس
602,297,852,260,860,313,610,350,Latin,ELYASIf
387,324,581,304,585,346,391,366,Latin,POLYCINIQUE
821,320,848,320,848,347,821,347,Latin,출입구
746,331,825,323,828,351,749,360,Latin,동물修
